---
title: "Cladogram"
output: html_document
date: "2023-06-14"
---

```{r setup, include=FALSE}
knitr::opts_chunk$set(echo = TRUE)
```

```{r}
# Create the correlation matrix
correlation_matrix <- matrix(c(
  1.000, 0.844, 0.929, 0.660, 0.862, 0.883, 0.497, 0.818, 0.618, 0.595, 0.891, 0.872, 0.826, 0.639, 0.605, 0.503, 0.685,
  0.844, 1.000, 0.784, 0.640, 0.803, 0.787, 0.522, 0.598, 0.654, 0.698, 0.685, 0.708, 0.649, 0.501, 0.390, 0.529, 0.451,
  0.929, 0.784, 1.000, 0.773, 0.859, 0.894, 0.538, 0.834, 0.751, 0.573, 0.815, 0.906, 0.833, 0.713, 0.632, 0.581, 0.722,
  0.660, 0.640, 0.773, 1.000, 0.780, 0.794, 0.837, 0.862, 0.619, 0.497, 0.632, 0.660, 0.759, 0.661, 0.748, 0.858, 0.708,
  0.862, 0.803, 0.859, 0.780, 1.000, 0.993, 0.635, 0.852, 0.615, 0.543, 0.735, 0.817, 0.913, 0.603, 0.660, 0.580, 0.811,
  0.883, 0.787, 0.894, 0.794, 0.993, 1.000, 0.628, 0.881, 0.637, 0.532, 0.776, 0.844, 0.942, 0.619, 0.656, 0.602, 0.819,
  0.497, 0.522, 0.538, 0.837, 0.635, 0.628, 1.000, 0.714, 0.547, 0.559, 0.515, 0.475, 0.599, 0.517, 0.625, 0.673, 0.714,
  0.818, 0.598, 0.834, 0.862, 0.852, 0.881, 0.714, 1.000, 0.611, 0.483, 0.729, 0.751, 0.878, 0.680, 0.735, 0.758, 0.854,
  0.618, 0.654, 0.751, 0.619, 0.615, 0.637, 0.547, 0.611, 1.000, 0.807, 0.604, 0.597, 0.658, 0.760, 0.257, 0.358, 0.499,
  0.595, 0.698, 0.573, 0.497, 0.543, 0.532, 0.559, 0.483, 0.807, 1.000, 0.505, 0.474, 0.492, 0.511, 0.045, 0.137, 0.234,
  0.891, 0.685, 0.815, 0.632, 0.735, 0.776, 0.515, 0.729, 0.604, 0.505, 1.000, 0.849, 0.801, 0.505, 0.516, 0.618, 0.739,
  0.872, 0.708, 0.906, 0.660, 0.817, 0.844, 0.475, 0.751, 0.597, 0.474, 0.849, 1.000, 0.723, 0.465, 0.514, 0.419, 0.781,
  0.826, 0.649, 0.833, 0.759, 0.913, 0.942, 0.599, 0.878, 0.658, 0.492, 0.801, 0.723, 1.000, 0.722, 0.635, 0.633, 0.807,
  0.639, 0.501, 0.713, 0.661, 0.603, 0.619, 0.517, 0.680, 0.760, 0.511, 0.505, 0.465, 0.722, 1.000, 0.673, 0.507, 0.546,
  0.605, 0.390, 0.632, 0.748, 0.660, 0.656, 0.625, 0.735, 0.257, 0.045, 0.516, 0.514, 0.635, 0.673, 1.000, 0.759, 0.731,
  0.503, 0.529, 0.581, 0.858, 0.580, 0.602, 0.673, 0.758, 0.358, 0.137, 0.618, 0.419, 0.633, 0.507, 0.759, 1.000, 0.625,
  0.685, 0.451, 0.722, 0.708, 0.811, 0.819, 0.714, 0.854, 0.499, 0.234, 0.739, 0.781, 0.807, 0.546, 0.731, 0.625, 1.000
), nrow = 17, ncol = 17, byrow = TRUE)
correlation_matrix <- 1- correlation_matrix
# Define the variable names
variable_names <- c(
  "Phe", "DOPA", "Putrescine", "AcetylCarnitine", "SDMA", "TotalDMA", "Acylcarnitine", "Carnitine",
  "Spermidine", "Ornithine", "Trp", "Tyr", "ADMA", "Taurine", "AcetylOrnithine", "Propionylcarnitine", "Cit"
)

# Set the variable names in the correlation matrix
colnames(correlation_matrix) <- variable_names
rownames(correlation_matrix) <- variable_names

# Convert the correlation matrix to a distance matrix
distance_matrix <- 1 - abs(correlation_matrix)

# Perform hierarchical clustering using complete linkage
hclust_result <- hclust(as.dist(distance_matrix), method = "complete")

# Plot the dendrogram
plot(hclust_result, hang = -1)
```
